normal
999
8.0
1.5
0.5
0.5
6
11 11 11 11 11 11 11 11 11 11 11 11 11 11 11 11 11 11 11 11
0 0 0 0 0 0 0 0 0 0 0 0 0 0 0 0 0 0 0 0
13 0 0 0 0 13 0 0 0 0 13 0 0 0 0 13 0 0 0 0
0.5 0.5 0.5 0.5 0.0 0.5 0.5 0.5 0.5 0.0 0.5 0.5 0.5 0.5 0.0 0.5 0.5 0.5 0.5 13.0
0 0 0 0 0 0 0 0 0 0 0 0 0 0 0 0 0 0 0 0
60 60 60 60 60 60 60 60 60 60 60 60 60 60 60 60 60 60 60 60
20 20 20 20 20 20 20 20 20 20 20 20 20 20 20 20 20 20 20 20
16 16 16 16 16 4 4 4 4 4 5 5 5 5 5 25 25 25 25 25
1 1 1 1 1 1 1 1 1 1 1 1 1 1 1 1 1 1 1 1
1 1 1 1 1 1 1 1 1 1 1 1 1 1 1 1 1 1 1 1
6 6 6 6 6 6 6 6 6 6 6 6 6 6 6 6 6 6 6 6
0 4 5 1 3 2 7 6 1 5 2 7 6 1 5 5 6 3 4 7
0 0 0 0 0 0 0 0 0 0 0 0 0 0 0 0 0 0 0 0 