normal
999
8.0
3.0
0.5
0.5
6
3 9 8 10 0 3 9 8 0 10 0 3 10 8 9 0 9 3 8 10
0 0 0 0 2 2 2 2 2 2 2 2 2 2 2 2 2 2 2 2
0 0 0 0 4 2 2 6 6 2 4 4 6 4 6 2 4 6 2 4
0 0 0 6 6 2 6 2 6 6 10 6 10 10 10 2 2 10 6 2
0 0 0 0 2 0 0 0 2 0 2 0 0 0 0 2 0 0 0 0
60 60 60 60 60 60 60 60 60 60 60 60 60 60 60 60 60 60 60 60
20 20 20 20 20 20 20 20 20 20 20 20 20 20 20 20 20 20 20 20
5 10 4 19 12 5 10 4 12 19 12 5 19 4 10 12 10 5 4 19
1 1 1 1 1 0 0 0 1 0 1 0 0 0 0 1 0 0 0 0
7 -1 -1 -1 2 6 4 1 0 1 1 2 5 7 2 1 7 5 6 3
0 0 0 0 0 0 0 0 0 0 0 0 0 0 0 0 0 0 0 0 